0.000000000000000000e+00 1.038089275360107422e+01
1.500000000000000000e+00 1.038089275360107422e+01
3.000000000000000000e+00 1.038089275360107422e+01
4.500000000000000000e+00 1.040771865844726562e+01
6.000000000000000000e+00 1.038089275360107422e+01
7.500000000000000000e+00 1.035444927215576172e+01
9.000000000000000000e+00 1.031767559051513672e+01
1.050000000000000000e+01 1.025703430175781250e+01
1.200000000000000000e+01 1.019383907318115234e+01
1.350000000000000000e+01 1.016409587860107422e+01
1.500000000000000000e+01 1.017743206024169922e+01
1.650000000000000000e+01 1.019406223297119141e+01
1.800000000000000000e+01 1.020081329345703125e+01
1.950000000000000000e+01 1.019264698028564453e+01
2.100000000000000000e+01 1.017698669433593750e+01
2.250000000000000000e+01 1.016664600372314453e+01
2.400000000000000000e+01 1.017623424530029297e+01
2.550000000000000000e+01 1.018618869781494141e+01
2.700000000000000000e+01 1.017719268798828125e+01
2.850000000000000000e+01 1.014953231811523438e+01
3.000000000000000000e+01 1.011380958557128906e+01
3.150000000000000000e+01 1.007875633239746094e+01
3.300000000000000000e+01 1.007699203491210938e+01
3.450000000000000000e+01 1.010496520996093750e+01
3.600000000000000000e+01 1.012591266632080078e+01
3.750000000000000000e+01 1.009834766387939453e+01
3.900000000000000000e+01 1.004220104217529297e+01
4.050000000000000000e+01 9.995548248291015625e+00
4.200000000000000000e+01 9.974230766296386719e+00
4.350000000000000000e+01 9.979584693908691406e+00
4.500000000000000000e+01 9.974452972412109375e+00
4.650000000000000000e+01 9.958538055419921875e+00
4.800000000000000000e+01 9.937592506408691406e+00
4.950000000000000000e+01 9.920281410217285156e+00
5.100000000000000000e+01 9.904901504516601562e+00
5.250000000000000000e+01 9.904109954833984375e+00
5.400000000000000000e+01 9.916070938110351562e+00
5.550000000000000000e+01 9.928193092346191406e+00
5.700000000000000000e+01 9.928107261657714844e+00
5.850000000000000000e+01 9.900676727294921875e+00
6.000000000000000000e+01 9.873147010803222656e+00
6.150000000000000000e+01 9.855960845947265625e+00
6.300000000000000000e+01 9.850498199462890625e+00
6.450000000000000000e+01 9.842889785766601562e+00
6.600000000000000000e+01 9.831015586853027344e+00
6.750000000000000000e+01 9.812385559082031250e+00
6.900000000000000000e+01 9.796792030334472656e+00
7.050000000000000000e+01 9.785785675048828125e+00
7.200000000000000000e+01 9.778479576110839844e+00
7.350000000000000000e+01 9.765839576721191406e+00
7.500000000000000000e+01 9.740483283996582031e+00
7.650000000000000000e+01 9.712506294250488281e+00
7.800000000000000000e+01 9.685092926025390625e+00
7.950000000000000000e+01 9.650545120239257812e+00
8.100000000000000000e+01 9.626361846923828125e+00
8.250000000000000000e+01 9.634940147399902344e+00
8.400000000000000000e+01 9.632777214050292969e+00
8.550000000000000000e+01 9.674738883972167969e+00
8.700000000000000000e+01 9.807353973388671875e+00
8.850000000000000000e+01 9.890658378601074219e+00
9.000000000000000000e+01 9.848147392272949219e+00
9.150000000000000000e+01 9.823238372802734375e+00
9.300000000000000000e+01 9.798337936401367188e+00
9.450000000000000000e+01 9.731304168701171875e+00
9.600000000000000000e+01 9.660614013671875000e+00
9.750000000000000000e+01 9.634357452392578125e+00
9.900000000000000000e+01 9.643918991088867188e+00
1.005000000000000000e+02 9.660561561584472656e+00
1.020000000000000000e+02 9.628785133361816406e+00
1.035000000000000000e+02 9.557873725891113281e+00
1.050000000000000000e+02 9.544212341308593750e+00
1.065000000000000000e+02 9.595033645629882812e+00
1.080000000000000000e+02 9.638567924499511719e+00
1.095000000000000000e+02 9.573628425598144531e+00
1.110000000000000000e+02 9.464713096618652344e+00
1.125000000000000000e+02 9.379309654235839844e+00
1.140000000000000000e+02 9.341671943664550781e+00
1.155000000000000000e+02 9.348882675170898438e+00
1.170000000000000000e+02 9.348942756652832031e+00
1.185000000000000000e+02 9.352261543273925781e+00
1.200000000000000000e+02 9.346001625061035156e+00
1.215000000000000000e+02 9.330136299133300781e+00
1.230000000000000000e+02 9.326214790344238281e+00
1.245000000000000000e+02 9.292399406433105469e+00
1.260000000000000000e+02 9.227475166320800781e+00
1.275000000000000000e+02 9.205031394958496094e+00
1.290000000000000000e+02 9.199056625366210938e+00
1.305000000000000000e+02 9.184782981872558594e+00
1.320000000000000000e+02 9.164019584655761719e+00
1.335000000000000000e+02 9.139938354492187500e+00
1.350000000000000000e+02 9.110909461975097656e+00
1.365000000000000000e+02 9.079607009887695312e+00
1.380000000000000000e+02 9.053778648376464844e+00
1.395000000000000000e+02 9.040600776672363281e+00
1.410000000000000000e+02 9.038228034973144531e+00
1.425000000000000000e+02 9.035956382751464844e+00
1.440000000000000000e+02 9.026794433593750000e+00
1.455000000000000000e+02 9.002099037170410156e+00
1.470000000000000000e+02 8.973458290100097656e+00
1.485000000000000000e+02 8.947819709777832031e+00
1.500000000000000000e+02 8.933285713195800781e+00
1.515000000000000000e+02 8.922641754150390625e+00
1.530000000000000000e+02 8.905194282531738281e+00
1.545000000000000000e+02 8.893095970153808594e+00
1.560000000000000000e+02 8.915903091430664062e+00
1.575000000000000000e+02 8.960226058959960938e+00
1.590000000000000000e+02 9.004745483398437500e+00
1.605000000000000000e+02 9.026371955871582031e+00
1.620000000000000000e+02 9.035718917846679688e+00
1.635000000000000000e+02 9.061985969543457031e+00
1.650000000000000000e+02 9.072929382324218750e+00
1.665000000000000000e+02 9.028684616088867188e+00
1.680000000000000000e+02 8.961305618286132812e+00
1.695000000000000000e+02 8.902180671691894531e+00
1.710000000000000000e+02 8.885958671569824219e+00
1.725000000000000000e+02 8.889682769775390625e+00
1.740000000000000000e+02 8.889389038085937500e+00
1.755000000000000000e+02 8.857408523559570312e+00
1.770000000000000000e+02 8.800660133361816406e+00
1.785000000000000000e+02 8.744222640991210938e+00
1.800000000000000000e+02 8.696753501892089844e+00
1.815000000000000000e+02 8.674990653991699219e+00
1.830000000000000000e+02 8.662117004394531250e+00
1.845000000000000000e+02 8.647617340087890625e+00
1.860000000000000000e+02 8.614392280578613281e+00
1.875000000000000000e+02 8.560268402099609375e+00
1.890000000000000000e+02 8.505530357360839844e+00
1.905000000000000000e+02 8.462880134582519531e+00
1.920000000000000000e+02 8.440451622009277344e+00
1.935000000000000000e+02 8.423593521118164062e+00
1.950000000000000000e+02 8.405241012573242188e+00
1.965000000000000000e+02 8.392548561096191406e+00
1.980000000000000000e+02 8.387240409851074219e+00
1.995000000000000000e+02 8.381629943847656250e+00
2.010000000000000000e+02 8.369265556335449219e+00
2.025000000000000000e+02 8.338643074035644531e+00
2.040000000000000000e+02 8.308405876159667969e+00
2.055000000000000000e+02 8.286767959594726562e+00
2.070000000000000000e+02 8.274442672729492188e+00
2.085000000000000000e+02 8.268260955810546875e+00
2.100000000000000000e+02 8.259973526000976562e+00
2.115000000000000000e+02 8.245526313781738281e+00
2.130000000000000000e+02 8.232103347778320312e+00
2.145000000000000000e+02 8.228519439697265625e+00
2.160000000000000000e+02 8.241189956665039062e+00
2.175000000000000000e+02 8.270839691162109375e+00
2.190000000000000000e+02 8.301170349121093750e+00
2.205000000000000000e+02 8.314043045043945312e+00
2.220000000000000000e+02 8.306539535522460938e+00
2.235000000000000000e+02 8.291260719299316406e+00
2.250000000000000000e+02 8.262441635131835938e+00
2.265000000000000000e+02 8.205299377441406250e+00
2.280000000000000000e+02 8.149257659912109375e+00
2.295000000000000000e+02 8.110791206359863281e+00
2.310000000000000000e+02 8.086140632629394531e+00
2.325000000000000000e+02 8.065431594848632812e+00
2.340000000000000000e+02 8.035334587097167969e+00
2.355000000000000000e+02 7.998755931854248047e+00
2.370000000000000000e+02 7.961467266082763672e+00
2.385000000000000000e+02 7.931791782379150391e+00
2.400000000000000000e+02 7.912229537963867188e+00
2.415000000000000000e+02 7.903894901275634766e+00
2.430000000000000000e+02 7.898226737976074219e+00
2.445000000000000000e+02 7.878412723541259766e+00
2.460000000000000000e+02 7.849116802215576172e+00
2.475000000000000000e+02 7.812525749206542969e+00
2.490000000000000000e+02 7.759942531585693359e+00
2.505000000000000000e+02 7.691940307617187500e+00
2.520000000000000000e+02 7.622791290283203125e+00
2.535000000000000000e+02 7.580424308776855469e+00
2.550000000000000000e+02 7.573115825653076172e+00
2.565000000000000000e+02 7.562467098236083984e+00
2.580000000000000000e+02 7.537257194519042969e+00
2.595000000000000000e+02 7.498620510101318359e+00
2.610000000000000000e+02 7.476539134979248047e+00
2.625000000000000000e+02 7.492967605590820312e+00
2.640000000000000000e+02 7.514149665832519531e+00
2.655000000000000000e+02 7.514547348022460938e+00
2.670000000000000000e+02 7.494747161865234375e+00
2.685000000000000000e+02 7.446971893310546875e+00
2.700000000000000000e+02 7.406839370727539062e+00
2.715000000000000000e+02 7.385313987731933594e+00
2.730000000000000000e+02 7.354084491729736328e+00
2.745000000000000000e+02 7.295767784118652344e+00
2.760000000000000000e+02 7.209712028503417969e+00
2.775000000000000000e+02 7.140879154205322266e+00
2.790000000000000000e+02 7.142346382141113281e+00
2.805000000000000000e+02 7.165434360504150391e+00
2.820000000000000000e+02 7.169999599456787109e+00
2.835000000000000000e+02 7.148907184600830078e+00
2.850000000000000000e+02 7.097311019897460938e+00
2.865000000000000000e+02 7.045739173889160156e+00
2.880000000000000000e+02 7.024257183074951172e+00
2.895000000000000000e+02 7.018498420715332031e+00
2.910000000000000000e+02 7.017594337463378906e+00
2.925000000000000000e+02 6.966743469238281250e+00
2.940000000000000000e+02 6.891959190368652344e+00
2.955000000000000000e+02 6.853920936584472656e+00
2.970000000000000000e+02 6.840781211853027344e+00
2.985000000000000000e+02 6.818861961364746094e+00
3.000000000000000000e+02 6.756576061248779297e+00
3.015000000000000000e+02 6.670592784881591797e+00
3.030000000000000000e+02 6.674249172210693359e+00
3.045000000000000000e+02 6.673721313476562500e+00
3.060000000000000000e+02 6.656347751617431641e+00
3.075000000000000000e+02 6.645707130432128906e+00
3.090000000000000000e+02 6.616708278656005859e+00
3.105000000000000000e+02 6.567416667938232422e+00
3.120000000000000000e+02 6.529445171356201172e+00
3.135000000000000000e+02 6.507888317108154297e+00
3.150000000000000000e+02 6.467761516571044922e+00
3.165000000000000000e+02 6.403539180755615234e+00
3.180000000000000000e+02 6.317073345184326172e+00
3.195000000000000000e+02 6.199706554412841797e+00
3.210000000000000000e+02 6.180758953094482422e+00
3.225000000000000000e+02 6.213810920715332031e+00
3.240000000000000000e+02 6.226591110229492188e+00
3.255000000000000000e+02 6.201601028442382812e+00
3.270000000000000000e+02 6.143445491790771484e+00
3.285000000000000000e+02 6.097904682159423828e+00
3.300000000000000000e+02 6.061808586120605469e+00
3.315000000000000000e+02 6.010777950286865234e+00
3.330000000000000000e+02 5.930758476257324219e+00
3.345000000000000000e+02 5.873216629028320312e+00
3.360000000000000000e+02 5.839617729187011719e+00
3.375000000000000000e+02 5.791185379028320312e+00
3.390000000000000000e+02 5.723802566528320312e+00
3.405000000000000000e+02 5.656304836273193359e+00
3.420000000000000000e+02 5.601235389709472656e+00
3.435000000000000000e+02 5.557748317718505859e+00
3.450000000000000000e+02 5.514197349548339844e+00
3.465000000000000000e+02 5.458652973175048828e+00
3.480000000000000000e+02 5.395366191864013672e+00
3.495000000000000000e+02 5.335768222808837891e+00
3.510000000000000000e+02 5.291797637939453125e+00
3.525000000000000000e+02 5.263846874237060547e+00
3.540000000000000000e+02 5.237340450286865234e+00
3.555000000000000000e+02 5.206632614135742188e+00
3.570000000000000000e+02 5.171144008636474609e+00
3.585000000000000000e+02 5.131442070007324219e+00
3.600000000000000000e+02 5.085395812988281250e+00
3.615000000000000000e+02 5.025255203247070312e+00
3.630000000000000000e+02 4.961103916168212891e+00
3.645000000000000000e+02 4.900181770324707031e+00
3.660000000000000000e+02 4.842856884002685547e+00
3.675000000000000000e+02 4.785586833953857422e+00
3.690000000000000000e+02 4.730885505676269531e+00
3.705000000000000000e+02 4.687973976135253906e+00
3.720000000000000000e+02 4.656391620635986328e+00
3.735000000000000000e+02 4.622227191925048828e+00
3.750000000000000000e+02 4.582826614379882812e+00
3.765000000000000000e+02 4.539555549621582031e+00
3.780000000000000000e+02 4.498426914215087891e+00
3.795000000000000000e+02 4.459545612335205078e+00
3.810000000000000000e+02 4.418834686279296875e+00
3.825000000000000000e+02 4.368793487548828125e+00
3.840000000000000000e+02 4.313792705535888672e+00
3.855000000000000000e+02 4.261996746063232422e+00
3.870000000000000000e+02 4.223888874053955078e+00
3.885000000000000000e+02 4.194670677185058594e+00
3.900000000000000000e+02 4.164099216461181641e+00
3.915000000000000000e+02 4.142249584197998047e+00
3.930000000000000000e+02 4.127661705017089844e+00
3.945000000000000000e+02 4.058411598205566406e+00
3.960000000000000000e+02 3.947358608245849609e+00
3.975000000000000000e+02 3.868991613388061523e+00
3.990000000000000000e+02 3.802064418792724609e+00
4.005000000000000000e+02 3.732837915420532227e+00
4.020000000000000000e+02 3.679240703582763672e+00
4.035000000000000000e+02 3.636786699295043945e+00
4.050000000000000000e+02 3.577553510665893555e+00
4.065000000000000000e+02 3.498616456985473633e+00
4.080000000000000000e+02 3.412643194198608398e+00
4.095000000000000000e+02 3.335915088653564453e+00
4.110000000000000000e+02 3.296614885330200195e+00
4.125000000000000000e+02 3.317514896392822266e+00
4.140000000000000000e+02 3.276350736618041992e+00
4.155000000000000000e+02 3.192084312438964844e+00
4.170000000000000000e+02 3.113034248352050781e+00
4.185000000000000000e+02 3.058985710144042969e+00
4.200000000000000000e+02 3.009544610977172852e+00
4.215000000000000000e+02 2.937221527099609375e+00
4.230000000000000000e+02 2.831531286239624023e+00
4.245000000000000000e+02 2.732717037200927734e+00
4.260000000000000000e+02 2.659636259078979492e+00
4.275000000000000000e+02 2.624452829360961914e+00
4.290000000000000000e+02 2.598458290100097656e+00
4.305000000000000000e+02 2.578969717025756836e+00
4.320000000000000000e+02 2.566150188446044922e+00
4.335000000000000000e+02 2.530991077423095703e+00
4.350000000000000000e+02 2.465384960174560547e+00
4.365000000000000000e+02 2.384475469589233398e+00
4.380000000000000000e+02 2.362644195556640625e+00
4.395000000000000000e+02 2.394972801208496094e+00
4.410000000000000000e+02 2.415708780288696289e+00
4.425000000000000000e+02 2.341682195663452148e+00
4.440000000000000000e+02 2.225245952606201172e+00
4.455000000000000000e+02 2.223644018173217773e+00
4.470000000000000000e+02 2.205085515975952148e+00
4.485000000000000000e+02 2.188267469406127930e+00
4.500000000000000000e+02 2.162133932113647461e+00
4.515000000000000000e+02 2.117391824722290039e+00
4.530000000000000000e+02 2.090634584426879883e+00
4.545000000000000000e+02 2.055063009262084961e+00
4.560000000000000000e+02 2.009155511856079102e+00
4.575000000000000000e+02 1.975759267807006836e+00
4.590000000000000000e+02 1.925840973854064941e+00
4.605000000000000000e+02 1.885834574699401855e+00
4.620000000000000000e+02 1.877672672271728516e+00
4.635000000000000000e+02 1.902375578880310059e+00
4.650000000000000000e+02 1.870396256446838379e+00
4.665000000000000000e+02 1.768002152442932129e+00
4.680000000000000000e+02 1.706295847892761230e+00
4.695000000000000000e+02 1.743747949600219727e+00
4.710000000000000000e+02 1.775674462318420410e+00
4.725000000000000000e+02 1.792178392410278320e+00
4.740000000000000000e+02 1.815177321434020996e+00
4.755000000000000000e+02 1.821499824523925781e+00
4.770000000000000000e+02 1.842012166976928711e+00
4.785000000000000000e+02 1.888809323310852051e+00
4.800000000000000000e+02 1.900871872901916504e+00
4.815000000000000000e+02 1.861103653907775879e+00
4.830000000000000000e+02 1.859138488769531250e+00
4.845000000000000000e+02 1.920109748840332031e+00
4.860000000000000000e+02 1.937540650367736816e+00
4.875000000000000000e+02 1.859787106513977051e+00
4.890000000000000000e+02 1.798196434974670410e+00
4.905000000000000000e+02 1.771279454231262207e+00
4.920000000000000000e+02 1.761697173118591309e+00
4.935000000000000000e+02 1.762288808822631836e+00
4.950000000000000000e+02 1.761819958686828613e+00
4.965000000000000000e+02 1.748511791229248047e+00
4.980000000000000000e+02 1.720570445060729980e+00
4.995000000000000000e+02 1.687292814254760742e+00
5.010000000000000000e+02 1.653471708297729492e+00
5.025000000000000000e+02 1.615214705467224121e+00
5.040000000000000000e+02 1.572866678237915039e+00
5.055000000000000000e+02 1.530910015106201172e+00
5.070000000000000000e+02 1.498380064964294434e+00
5.085000000000000000e+02 1.471287846565246582e+00
5.100000000000000000e+02 1.437180519104003906e+00
5.115000000000000000e+02 1.384413838386535645e+00
5.130000000000000000e+02 1.320897817611694336e+00
5.145000000000000000e+02 1.260903000831604004e+00
5.160000000000000000e+02 1.210759878158569336e+00
5.175000000000000000e+02 1.186743378639221191e+00
5.190000000000000000e+02 1.162047147750854492e+00
5.205000000000000000e+02 1.119448900222778320e+00
5.220000000000000000e+02 1.064596772193908691e+00
5.235000000000000000e+02 1.018935441970825195e+00
5.250000000000000000e+02 9.941453337669372559e-01
5.265000000000000000e+02 9.712286591529846191e-01
5.280000000000000000e+02 9.446032643318176270e-01
5.295000000000000000e+02 9.117563962936401367e-01
5.310000000000000000e+02 8.773345947265625000e-01
5.325000000000000000e+02 8.430351614952087402e-01
5.340000000000000000e+02 8.090950250625610352e-01
5.355000000000000000e+02 7.753345370292663574e-01
5.370000000000000000e+02 7.418597936630249023e-01
5.385000000000000000e+02 7.089928984642028809e-01
5.400000000000000000e+02 6.769898533821105957e-01
5.415000000000000000e+02 6.441355943679809570e-01
5.430000000000000000e+02 6.098513603210449219e-01
5.445000000000000000e+02 5.738065838813781738e-01
5.460000000000000000e+02 5.365916490554809570e-01
5.475000000000000000e+02 4.981303513050079346e-01
5.490000000000000000e+02 4.592837095260620117e-01
5.505000000000000000e+02 4.241366982460021973e-01
5.520000000000000000e+02 4.002129137516021729e-01
5.535000000000000000e+02 3.927902579307556152e-01
5.550000000000000000e+02 3.754594027996063232e-01
5.565000000000000000e+02 3.424697220325469971e-01
5.580000000000000000e+02 3.344351947307586670e-01
5.595000000000000000e+02 3.408872187137603760e-01
5.610000000000000000e+02 3.179357647895812988e-01
5.625000000000000000e+02 2.921376228332519531e-01
5.640000000000000000e+02 2.713224291801452637e-01
5.655000000000000000e+02 2.334631979465484619e-01
5.670000000000000000e+02 1.888170838356018066e-01
5.685000000000000000e+02 1.274151951074600220e-01
5.700000000000000000e+02 8.197435736656188965e-02
5.715000000000000000e+02 4.137508198618888855e-02
5.730000000000000000e+02 -1.455015782266855240e-02
5.745000000000000000e+02 -7.519001513719558716e-02
5.760000000000000000e+02 -1.287191957235336304e-01
5.775000000000000000e+02 -1.744058877229690552e-01
5.790000000000000000e+02 -2.290904670953750610e-01
5.805000000000000000e+02 -2.846804559230804443e-01
5.820000000000000000e+02 -3.456797003746032715e-01
5.835000000000000000e+02 -4.075620770454406738e-01
5.850000000000000000e+02 -4.708412885665893555e-01
5.865000000000000000e+02 -5.365023612976074219e-01
5.880000000000000000e+02 -6.194770932197570801e-01
5.895000000000000000e+02 -7.066771984100341797e-01
5.910000000000000000e+02 -8.089878559112548828e-01
5.925000000000000000e+02 -9.189227223396301270e-01
5.940000000000000000e+02 -1.035837173461914062e+00
5.955000000000000000e+02 -1.169363498687744141e+00
5.970000000000000000e+02 -1.298969745635986328e+00
5.985000000000000000e+02 -1.445878148078918457e+00
6.000000000000000000e+02 -1.614362716674804688e+00
6.015000000000000000e+02 -1.798936367034912109e+00
6.030000000000000000e+02 -2.006185054779052734e+00
6.045000000000000000e+02 -2.473032712936401367e+00
6.060000000000000000e+02 -2.921422004699707031e+00
6.075000000000000000e+02 -3.059308052062988281e+00
6.090000000000000000e+02 -3.144334077835083008e+00
6.105000000000000000e+02 -3.278458118438720703e+00
6.120000000000000000e+02 -3.363896369934082031e+00
6.135000000000000000e+02 -3.353624820709228516e+00
6.150000000000000000e+02 -3.337683439254760742e+00
6.165000000000000000e+02 -3.346292495727539062e+00
6.180000000000000000e+02 -3.368111133575439453e+00
6.195000000000000000e+02 -3.419573545455932617e+00
6.210000000000000000e+02 -3.490977287292480469e+00
6.225000000000000000e+02 -3.579375505447387695e+00
6.240000000000000000e+02 -3.693370342254638672e+00
6.255000000000000000e+02 -3.772514104843139648e+00
6.270000000000000000e+02 -3.854279279708862305e+00
6.285000000000000000e+02 -3.948993682861328125e+00
6.300000000000000000e+02 -4.047359466552734375e+00
6.315000000000000000e+02 -4.151292800903320312e+00
6.330000000000000000e+02 -4.257647037506103516e+00
6.345000000000000000e+02 -4.367035388946533203e+00
6.360000000000000000e+02 -4.471152782440185547e+00
6.375000000000000000e+02 -4.559715747833251953e+00
6.390000000000000000e+02 -4.611830234527587891e+00
6.405000000000000000e+02 -4.628797054290771484e+00
6.420000000000000000e+02 -4.641977787017822266e+00
6.435000000000000000e+02 -4.650553226470947266e+00
6.450000000000000000e+02 -4.654422283172607422e+00
6.465000000000000000e+02 -4.657120227813720703e+00
6.480000000000000000e+02 -4.656010627746582031e+00
6.495000000000000000e+02 -4.652644634246826172e+00
6.510000000000000000e+02 -4.648566722869873047e+00
6.525000000000000000e+02 -4.655618190765380859e+00
6.540000000000000000e+02 -4.671819210052490234e+00
6.555000000000000000e+02 -4.701313495635986328e+00
6.570000000000000000e+02 -4.752844810485839844e+00
6.585000000000000000e+02 -4.944971084594726562e+00
6.600000000000000000e+02 -5.769442081451416016e+00
6.615000000000000000e+02 -7.233715057373046875e+00
6.630000000000000000e+02 -8.705774307250976562e+00
6.645000000000000000e+02 -9.977496147155761719e+00
6.660000000000000000e+02 -1.077224063873291016e+01
6.675000000000000000e+02 -1.090988731384277344e+01
6.690000000000000000e+02 -1.090906906127929688e+01
6.705000000000000000e+02 -1.086664867401123047e+01
6.720000000000000000e+02 -1.090746879577636719e+01
6.735000000000000000e+02 -1.096717643737792969e+01
6.750000000000000000e+02 -1.101949310302734375e+01
6.765000000000000000e+02 -1.105545616149902344e+01
6.780000000000000000e+02 -1.107172107696533203e+01
6.795000000000000000e+02 -1.104730129241943359e+01
6.810000000000000000e+02 -1.098754310607910156e+01
6.825000000000000000e+02 -1.091955089569091797e+01
6.840000000000000000e+02 -1.090826129913330078e+01
6.855000000000000000e+02 -1.094370365142822266e+01
6.870000000000000000e+02 -1.098842144012451172e+01
6.885000000000000000e+02 -1.103559780120849609e+01
6.900000000000000000e+02 -1.107272815704345703e+01
6.915000000000000000e+02 -1.109687328338623047e+01
6.930000000000000000e+02 -1.112450695037841797e+01
6.945000000000000000e+02 -1.117482471466064453e+01
6.960000000000000000e+02 -1.119885635375976562e+01
6.975000000000000000e+02 -1.121196746826171875e+01
6.990000000000000000e+02 -1.122552299499511719e+01
7.005000000000000000e+02 -1.114480209350585938e+01
7.020000000000000000e+02 -1.112292575836181641e+01
7.035000000000000000e+02 -1.116125011444091797e+01
7.050000000000000000e+02 -1.118761539459228516e+01
7.065000000000000000e+02 -1.124223136901855469e+01
7.080000000000000000e+02 -1.132021522521972656e+01
7.095000000000000000e+02 -1.141279602050781250e+01
7.110000000000000000e+02 -1.147089004516601562e+01
7.125000000000000000e+02 -1.149494457244873047e+01
7.140000000000000000e+02 -1.152792358398437500e+01
7.155000000000000000e+02 -1.154130363464355469e+01
7.170000000000000000e+02 -1.153873252868652344e+01
7.185000000000000000e+02 -1.149228096008300781e+01
7.200000000000000000e+02 -1.138350868225097656e+01
7.215000000000000000e+02 -1.131694030761718750e+01
7.230000000000000000e+02 -1.132561397552490234e+01
7.245000000000000000e+02 -1.138477039337158203e+01
7.260000000000000000e+02 -1.147127914428710938e+01
7.275000000000000000e+02 -1.151658630371093750e+01
7.290000000000000000e+02 -1.152664756774902344e+01
7.305000000000000000e+02 -1.149692344665527344e+01
7.320000000000000000e+02 -1.145659446716308594e+01
7.335000000000000000e+02 -1.148952388763427734e+01
7.350000000000000000e+02 -1.155796909332275391e+01
7.365000000000000000e+02 -1.159646797180175781e+01
7.380000000000000000e+02 -1.163037014007568359e+01
7.395000000000000000e+02 -1.164963722229003906e+01
7.410000000000000000e+02 -1.164760017395019531e+01
7.425000000000000000e+02 -1.163972091674804688e+01
7.440000000000000000e+02 -1.160719776153564453e+01
7.455000000000000000e+02 -1.160719776153564453e+01
7.470000000000000000e+02 -1.160719776153564453e+01
7.485000000000000000e+02 -1.160719776153564453e+01
7.500000000000000000e+02 -1.160719776153564453e+01
